16,15
94,17
128,31
136,55
89,44
20,46
46,63
94,73
144,85
18,81
60,94
109,100
20,124
64,121
112,129
15,157
51,146
68,179
86,160
122,188
132,158
19,224
58,222
105,224
143,230
21,276
67,276
115,276
163,279
15,307
61,319
131,320
31,373
85,373
137,379
38,416
86,420
135,425
20,455
22,501
67,501
67,464
119,474
212,35
260,45
332,34
390,39
443,51
220,90
275,90
364,98
446,94
317,62
204,148
255,148
327,156
397,152
452,141
193,197
247,205
299,206
389,223
435,192
338,194
234,238
280,256
329,241
381,251
451,254
255,303
313,293
360,287
413,293
464,293
246,334
300,343
349,345
395,345
435,340
492,346
219,391
290,388
362,390
419,405
481,393
220,439
277,437
356,427
434,450
483,438
184,488
239,488
284,493
351,466
425,475
478,486
488,30
317,116
182,11
474,193